200
    248     215
    409     244
    912     537
    394     709
     68     572
    594     923
    311     768
    727     897
    162     840
     39     639
    389     293
    318     190
    857     955
     52     176
    753     568
    696     466
    776     486
    897     923
    104     163
    191      45
    478     170
    889     754
    203     598
    854     401
    764      35
    482     218
     68     400
    680     108
     12     182
    667     271
    592     274
    648     394
    743     538
    401     591
    102     909
    936     382
    828     286
    762      38
    511     875
    843     313
    470     685
     65      72
    628     815
    719     586
    739     625
    541     376
    366     200
    711     910
    817     945
    382      70
    734     352
    924     167
    857     964
    683     797
    865     435
    168     172
    774     293
    900     924
    560     297
    305     191
    782     612
    955     525
    295     229
     19     158
    409     788
    344     162
    176      72
    106     378
    539     392
    774     201
    204     458
    329     652
    540     986
    382      98
    565     654
    432      69
     46     332
    467     555
    707     992
    560     208
    396     951
    286     366
    134     734
    501      62
     14     782
    904     877
    934     875
    237     861
     71     675
    833     968
     76     489
    763      56
    857     641
    114     337
    245     983
    162     971
    829     979
    461     382
    160     690
    622     235
    625     393
    380     748
    835     900
    629     804
    605     270
    981     639
    587     282
    374     541
    700     730
    984     795
    344     268
    582     697
    412     421
    900     157
    173     128
    377     151
    162     254
    498     733
    946     464
    951      63
     88     888
    168     805
    960     372
    242     331
    735     217
    885     245
    289     456
    351     402
    284     910
    410     774
    691     337
     37     604
     60      18
    487     977
     45     293
    589     993
    805     959
    568     795
    689     512
    185     294
    180     291
     15     978
    849     202
      9     943
    740     738
    367     652
     92     925
    572     224
    365     177
    610     947
     37     652
    729     411
    721     381
    663     601
     76     765
    207     320
    269     499
    192     526
    469     616
    978     683
    115     223
    878     833
    260     550
    664     689
    919     458
    591     430
    750     275
     58     692
    384     100
    551      96
    245     564
    532     605
     14     836
    817     421
    417     880
    691     778
    901     492
    134      31
    201     851
    532     811
     79     135
    117     714
    142     878
     31     812
     71     738
    304     924
    569      90
    312     775
    620     781
    266     571
    701     464
    752     631
    125     156
    793     713
    191     428
    244     640
    977     233
    891      81
    492     197
    481     188
